00001724
00000445
00000714
00000653
00001028
00002155
00000395
00000888
00000882
00001660
00000486
00000443
00000370
00000815
00001900
00000468
00000515
00000122
00001928
00001894
00000669
00000810
00001695
00001394
00000643
00000733
00001290
00000775
00000837
00000816
00002221
00001167
00000152
00000911
00000475
00001286
00001282
00000485
00001288
00000836
00000129
00000619
00001727
00001768
00001659
00002157
00000941
00000892
00000936
00001428
00001142
00000818
00001759
00001568
00000059
00001824
00001825
00000904
00001135
00001324
00001169
00001146
00001729
00000668
00001143